60 90
0 0 6 34
6 0 14 33
20 0 15 25
35 0 7 25
42 0 6 23
48 0 12 21
48 21 5 21
53 21 3 21
20 25 18 16
42 23 5 16
56 21 3 16
6 33 7 16
13 33 5 16
20 41 13 14
33 41 7 14
0 34 6 14
42 39 6 14
48 42 5 14
53 42 5 13
38 25 3 13
20 55 18 12
0 48 4 12
6 49 3 12
9 49 3 12
6 61 13 12
38 55 9 12
12 49 7 11
18 33 2 11
48 56 9 10
48 66 12 10
20 67 12 10
20 77 18 9
32 67 9 8
57 56 3 8
0 60 5 7
0 67 3 7
6 73 9 6
48 76 9 6
41 67 7 6
0 74 6 6
38 77 6 6
15 73 5 6
6 79 5 6
40 41 2 6
58 42 2 6
59 21 1 6
11 79 7 6
48 82 7 5
0 80 5 5
38 83 7 5
56 37 4 4
3 67 3 4
6 85 10 4
47 23 1 4
20 86 18 3
48 87 9 3
41 73 7 3
55 82 5 3
38 38 2 3
40 38 2 3
18 44 2 3
41 25 1 3
38 88 10 2
32 75 9 2
42 53 3 2
47 27 1 2
