60 90
0 0 7 38
7 0 7 28
14 0 9 27
23 0 5 26
28 0 4 26
32 0 4 26
36 0 6 24
42 0 6 23
48 0 5 23
42 23 11 21
53 0 5 20
53 20 5 20
23 26 14 19
7 28 13 19
37 26 4 17
0 38 6 15
42 44 13 14
23 45 9 14
20 28 3 14
37 43 4 13
55 44 4 13
7 47 14 12
42 58 14 11
0 53 7 10
7 59 7 10
23 59 11 9
14 59 7 8
34 59 8 7
58 0 2 7
32 45 4 7
23 68 10 6
32 52 4 6
0 63 6 5
20 42 3 5
7 69 15 4
53 40 7 4
34 66 5 4
42 69 18 3
42 72 14 3
7 73 13 3
23 74 10 3
42 75 10 3
0 68 6 3
37 56 3 3
56 58 3 3
58 7 2 3
58 10 1 3
23 77 17 3
7 76 14 3
14 67 9 2
34 70 7 2
36 24 6 2
0 71 5 2
56 61 4 2
59 10 1 2
59 12 1 2
56 63 4 2
56 65 3 2
21 47 2 2
58 13 1 2
14 27 3 1
17 27 2 1
59 14 1 1
55 57 5 1
19 27 2 1
32 58 3 1
21 27 2 1
34 72 6 1
