160 240
0 0 17 113
17 0 21 101
38 0 12 80
50 0 15 75
65 0 11 73
76 0 22 59
98 0 22 57
120 0 16 57
136 0 11 56
147 0 9 55
147 55 13 47
98 57 16 46
136 56 10 45
114 57 10 44
124 57 8 42
76 59 10 39
86 59 9 39
65 73 11 37
50 75 14 37
76 98 13 36
17 101 17 34
38 80 7 33
114 101 16 32
89 98 6 32
45 80 5 31
136 101 8 31
130 101 5 28
147 102 5 28
98 103 13 27
156 0 4 27
156 27 4 27
152 102 8 27
65 110 7 26
50 112 12 25
45 111 5 25
0 113 6 24
6 113 8 22
38 113 6 21
89 130 9 21
114 133 22 20
132 57 3 20
152 129 5 20
98 130 6 19
132 77 4 19
95 59 3 18
76 134 13 17
104 130 9 17
95 77 3 16
17 135 12 15
136 132 8 15
6 135 8 15
147 130 5 15
29 135 9 15
50 137 14 14
38 134 7 14
95 93 2 13
65 136 6 13
0 137 6 13
34 101 3 13
104 147 9 12
144 101 3 12
17 150 13 12
136 147 11 12
65 149 8 12
17 162 25 11
6 150 10 11
30 150 10 11
50 151 10 11
152 149 7 11
98 149 6 11
111 103 2 11
95 106 3 11
72 110 3 11
76 151 8 11
114 153 17 10
0 150 6 10
62 112 3 10
89 151 6 10
136 159 11 10
34 114 4 10
14 113 3 10
144 113 2 10
114 163 19 9
50 162 15 9
6 161 11 9
104 159 10 9
65 161 9 9
111 114 3 9
95 117 3 9
17 173 25 9
72 121 2 9
76 162 12 9
74 121 2 9
17 182 28 8
17 190 25 8
136 169 11 8
152 160 7 8
62 122 2 8
14 123 2 8
50 171 12 8
17 198 26 7
114 172 17 7
104 168 10 7
0 160 6 7
45 136 5 7
71 136 5 7
34 124 4 7
111 123 2 7
17 205 27 7
76 171 12 7
98 160 6 7
144 123 3 7
6 170 10 6
157 129 3 6
62 130 2 6
146 56 1 6
89 161 7 6
89 167 8 6
135 57 1 6
72 130 3 6
0 167 6 6
17 212 27 6
114 179 17 5
114 184 16 5
76 178 12 5
152 168 7 5
146 62 1 5
45 143 5 5
65 170 9 5
17 218 27 5
50 179 14 5
114 189 18 4
76 183 12 4
130 129 6 4
132 96 2 4
134 96 2 4
135 63 1 4
135 67 1 4
114 193 19 4
98 167 6 4
65 175 10 4
146 67 1 4
114 197 16 3
50 184 13 3
50 187 12 3
104 175 10 3
98 171 6 3
95 126 3 3
144 130 3 3
135 71 1 3
114 200 17 3
89 173 8 3
71 143 5 3
50 190 14 3
6 176 10 3
124 99 6 2
38 148 6 2
147 145 5 2
34 131 4 2
14 131 3 2
14 133 3 2
130 99 2 2
146 71 1 2
146 73 1 2
135 74 1 2
0 173 6 2
34 133 4 2
152 173 7 2
71 146 5 2
156 54 4 1
132 100 2 1
134 100 2 1
64 75 1 1
146 75 1 1
95 129 2 1
144 133 2 1
64 76 1 1
144 134 2 1
14 135 2 1
