160 240
0 0 26 92
26 0 16 92
42 0 12 65
54 0 8 50
62 0 9 49
71 0 30 49
101 0 12 44
113 0 11 44
124 0 12 40
136 0 12 39
148 0 9 39
136 39 6 37
142 39 6 37
148 39 5 35
124 40 8 34
101 44 16 34
62 49 9 33
153 39 6 33
117 44 7 32
71 49 6 32
77 49 5 32
82 49 5 32
42 65 16 31
87 49 6 31
93 49 6 31
153 72 5 30
124 74 10 29
148 74 5 29
132 40 4 27
136 76 10 26
117 76 6 24
101 78 5 24
106 78 9 23
71 81 16 23
87 80 14 23
0 92 33 22
71 104 21 22
42 96 10 22
62 82 9 22
33 92 6 22
52 96 5 22
58 65 4 22
0 114 30 21
0 135 36 20
71 126 21 20
117 100 6 18
57 96 5 18
157 0 3 18
0 155 38 17
71 146 22 17
71 163 22 17
101 102 13 17
136 102 8 17
153 102 7 17
124 103 6 17
130 103 5 17
144 102 4 17
148 103 4 17
0 172 32 17
157 18 3 17
71 180 30 16
62 104 6 16
0 189 22 15
54 50 3 15
92 104 9 15
57 50 5 15
30 114 5 15
35 114 4 15
42 118 19 15
71 196 24 14
101 119 10 14
0 204 30 13
71 210 21 13
136 119 11 13
117 118 4 13
42 133 17 12
101 133 13 12
124 120 11 12
0 217 26 11
71 223 25 11
42 145 16 11
124 132 12 11
92 119 5 11
39 92 3 11
42 156 19 11
99 49 2 11
153 119 7 10
136 132 12 10
62 120 9 10
62 130 8 10
92 130 8 10
111 119 5 10
97 119 4 10
99 60 2 10
0 228 27 10
101 145 15 10
136 142 11 10
153 129 6 10
101 155 13 10
117 131 6 9
58 87 3 9
99 70 2 9
101 165 15 9
124 143 10 9
114 102 3 8
42 167 15 8
124 152 11 8
62 140 8 8
36 135 6 8
148 120 4 8
39 103 3 8
68 104 3 8
101 174 16 8
42 175 14 8
153 139 6 8
148 128 5 8
148 136 5 8
42 183 19 8
158 72 2 8
101 182 14 7
136 152 12 7
136 159 12 7
117 140 7 7
36 143 6 7
148 144 5 7
132 67 4 7
114 110 3 7
39 111 3 7
68 112 3 7
134 74 2 7
159 39 1 7
146 76 2 7
39 118 3 7
121 118 3 7
39 125 3 7
22 189 17 6
101 189 13 6
42 191 15 6
124 160 10 6
22 195 16 5
30 129 5 5
71 234 25 5
42 197 17 5
101 195 14 5
101 200 13 5
92 140 5 5
93 146 5 5
115 78 2 5
124 166 10 5
62 148 8 5
93 151 8 5
117 147 7 4
57 114 5 4
157 35 3 4
158 80 2 4
22 200 20 4
62 153 9 4
111 129 6 4
42 202 17 3
42 205 14 3
101 205 13 3
136 166 12 3
153 147 5 3
121 125 3 3
121 128 3 3
35 129 3 3
159 46 1 2
136 169 10 2
36 150 6 2
35 132 4 2
114 117 3 2
39 132 3 2
