80 120
0 0 12 55
12 0 11 50
23 0 8 45
31 0 7 39
38 0 10 33
48 0 8 33
56 0 24 30
56 30 5 30
61 30 10 29
38 33 15 26
71 30 4 26
75 30 4 25
31 39 6 23
23 45 4 22
12 50 6 20
18 50 5 20
0 55 7 18
71 56 9 17
7 55 5 15
38 59 9 15
27 45 4 14
47 59 9 13
61 59 5 13
27 59 4 13
12 70 11 13
47 72 9 11
66 59 5 11
53 33 3 11
53 44 2 11
56 60 2 10
31 62 7 9
31 71 6 9
58 60 2 9
61 72 10 8
0 73 12 6
23 67 2 6
25 67 2 6
79 30 1 6
58 69 3 6
71 73 7 6
38 74 6 5
0 79 6 5
6 79 5 5
27 72 4 5
23 73 3 5
27 77 4 4
61 80 10 4
38 79 6 4
23 78 4 4
71 79 4 4
53 55 3 4
7 70 3 3
10 70 2 3
31 80 7 3
56 70 2 3
44 74 3 3
75 79 4 3
75 82 5 3
12 83 10 2
38 83 9 2
47 83 8 2
66 70 5 2
58 75 3 2
44 77 3 2
0 84 11 2
58 77 3 2
31 83 6 2
61 84 9 2
12 85 8 2
56 73 2 2
31 85 5 2
78 73 2 2
79 36 1 1
75 55 3 1
79 37 1 1
79 38 1 1
38 85 5 1
78 55 2 1
