80 120
0 0 9 61
9 0 10 39
19 0 11 31
30 0 9 31
39 0 9 30
48 0 6 29
54 0 6 28
60 0 5 28
65 0 4 28
69 0 7 26
76 0 4 26
54 28 15 23
69 26 6 22
75 26 5 22
39 30 10 22
49 30 4 22
9 39 21 20
30 39 3 20
33 39 6 20
69 48 4 20
73 48 3 19
9 59 30 19
54 51 10 18
39 52 6 18
45 52 6 16
0 61 8 14
76 48 4 14
64 51 3 14
51 52 3 14
67 51 2 14
45 68 8 14
73 67 7 13
64 65 4 13
54 69 9 12
69 68 2 12
9 78 12 12
71 68 2 12
21 78 18 11
39 70 3 11
21 89 17 11
0 75 7 11
42 70 2 11
64 78 3 9
69 80 3 9
7 75 2 9
19 31 18 8
73 80 3 8
39 81 6 8
54 81 5 8
54 89 10 8
9 90 10 8
76 80 4 8
37 31 2 8
9 98 11 8
67 78 2 8
21 100 12 7
45 82 9 7
21 107 17 7
0 86 7 7
59 81 5 7
64 87 5 7
73 88 3 7
76 88 3 7
7 84 2 7
45 89 9 7
39 89 3 7
0 93 9 6
42 89 2 6
9 106 11 6
73 95 6 6
69 89 4 6
21 114 15 6
19 90 2 6
9 112 11 6
45 96 9 5
54 97 8 5
64 94 5 4
39 96 5 4
76 62 3 4
0 99 9 4
9 118 12 2
45 101 9 2
69 95 4 2
33 100 6 2
64 98 5 2
69 97 4 2
54 102 9 2
39 100 5 2
64 100 5 2
