60 90
0 0 6 37
6 0 19 25
25 0 5 25
30 0 4 25
34 0 4 24
38 0 9 22
47 0 3 18
50 0 3 18
38 22 15 18
53 0 7 18
34 24 4 18
6 25 3 18
9 25 4 18
13 25 12 17
25 25 5 16
30 25 4 16
38 40 7 15
45 40 10 15
13 42 20 13
0 37 6 13
13 55 15 12
38 55 13 12
55 40 5 12
34 42 2 12
13 67 15 12
38 67 13 12
6 43 6 11
0 50 5 11
55 52 4 11
6 54 7 10
36 42 2 10
13 79 10 10
28 55 5 10
0 61 5 9
34 54 4 9
38 79 12 8
23 79 10 8
55 63 5 8
51 55 4 8
50 79 9 7
34 63 4 7
51 63 3 6
6 64 3 6
28 65 5 5
9 64 4 5
9 69 2 5
51 69 4 5
0 70 3 5
28 70 5 5
34 70 4 5
11 69 2 5
47 18 13 4
50 86 7 4
0 75 6 4
55 71 5 4
3 70 2 4
33 42 1 4
6 70 3 4
28 75 6 3
12 43 1 3
55 75 5 2
9 74 4 2
51 74 4 2
6 74 3 2
25 41 2 1
27 41 5 1
