160 240
0 0 13 70
13 0 19 56
32 0 12 56
44 0 13 54
57 0 10 54
67 0 22 54
89 0 13 54
102 0 11 53
113 0 13 51
126 0 10 51
136 0 16 47
136 47 10 45
152 0 7 45
113 51 17 35
44 54 16 34
60 54 16 33
152 45 8 33
102 53 11 32
76 54 7 30
83 54 12 28
13 56 12 28
146 47 6 28
130 51 5 28
25 56 11 28
36 56 8 27
95 54 5 27
0 70 6 27
83 82 9 26
6 70 4 26
13 84 13 25
152 78 7 25
113 86 19 25
146 75 6 25
95 81 5 25
36 83 4 24
26 84 7 23
60 87 23 23
83 108 17 23
44 88 12 23
102 85 6 23
136 92 6 22
108 85 5 22
13 109 21 21
60 110 19 21
0 97 10 21
152 103 8 21
146 100 5 21
40 83 4 21
44 111 14 21
36 107 7 21
102 108 6 21
113 111 19 21
13 130 19 20
136 114 7 20
132 86 4 20
0 118 6 20
13 150 31 20
13 170 29 19
56 88 4 19
6 118 6 18
146 121 6 18
60 131 21 17
83 131 19 17
113 132 19 17
152 124 8 17
108 107 5 17
10 70 3 17
60 148 22 16
83 148 18 16
113 149 17 16
92 82 3 16
60 164 21 16
36 128 7 16
108 124 5 16
44 132 9 15
136 134 8 15
113 165 22 14
83 164 19 14
142 92 4 14
44 147 16 14
0 138 8 14
113 179 22 14
0 152 13 14
83 178 18 13
44 161 14 13
0 166 13 13
44 174 16 13
53 132 7 13
33 84 3 13
60 180 21 13
13 189 20 13
152 141 8 13
44 187 14 13
136 149 8 13
136 162 10 12
10 87 3 12
152 154 7 12
132 106 4 12
33 97 3 12
100 54 2 12
60 193 21 12
113 193 20 12
152 166 8 12
13 202 29 11
60 205 21 11
83 191 19 11
136 174 8 11
102 129 5 11
79 110 4 11
13 213 29 11
0 179 11 11
10 99 3 11
44 200 16 11
13 224 26 10
113 205 20 10
83 202 19 10
152 178 8 10
136 185 8 10
152 188 7 10
146 139 6 10
132 118 4 10
92 98 3 10
44 211 16 10
102 140 6 10
79 121 4 10
100 66 2 10
113 215 23 10
0 190 12 10
33 189 8 10
136 195 9 9
8 138 5 9
132 128 4 9
60 216 22 9
152 198 7 9
83 212 16 9
44 221 16 9
0 200 9 9
136 204 9 9
152 207 7 9
108 140 5 9
60 225 20 9
83 221 19 9
143 114 3 9
113 225 16 9
0 209 13 8
136 213 10 8
152 216 7 8
130 149 6 8
142 106 3 8
0 217 9 7
136 221 9 7
0 224 9 7
136 228 9 7
44 230 9 7
130 79 4 7
146 149 6 7
83 230 14 7
152 224 8 7
0 231 13 6
13 234 12 6
25 234 12 6
36 144 5 6
60 234 14 6
129 225 7 6
113 234 20 6
108 149 5 6
10 110 3 6
102 150 6 6
108 155 5 6
136 235 10 4
56 107 4 4
143 123 3 4
32 130 4 4
100 76 2 4
152 231 8 4
76 84 6 3
8 147 5 3
40 104 4 3
143 127 3 3
134 79 2 3
0 237 13 2
33 199 9 2
95 106 6 2
26 107 4 2
