80 120
0 0 10 62
10 0 7 42
17 0 6 35
23 0 6 34
29 0 6 34
35 0 13 33
48 0 10 33
58 0 6 25
64 0 5 25
69 0 4 25
58 25 11 24
73 0 5 23
73 23 5 23
35 33 7 22
42 33 9 21
69 25 4 21
0 62 26 20
51 33 6 19
23 34 4 19
10 42 10 17
27 34 8 17
58 49 15 16
42 54 8 16
73 46 4 15
20 42 3 15
58 65 18 14
50 54 8 14
0 82 34 13
26 62 8 13
35 55 7 13
35 68 7 12
58 79 18 10
27 51 7 9
50 68 5 9
34 82 24 8
58 89 20 8
34 90 17 8
42 70 6 8
51 90 6 8
0 95 6 8
6 95 6 8
12 95 5 8
17 95 5 8
23 53 4 8
77 46 3 8
78 0 2 8
0 103 30 7
34 98 24 7
34 105 23 7
22 95 10 7
58 97 10 7
26 75 8 7
68 97 7 7
17 35 6 7
58 104 6 7
75 97 5 7
76 65 4 7
77 54 3 7
78 8 1 7
64 104 15 6
0 110 8 6
8 110 6 6
14 110 6 6
20 110 5 6
25 110 5 6
64 110 5 6
76 72 4 6
78 15 2 6
79 8 1 6
34 112 17 5
69 110 10 5
69 115 9 5
50 77 8 5
20 57 3 5
0 116 17 4
17 116 17 4
73 61 6 4
42 78 6 4
58 111 6 4
51 112 5 4
76 78 4 4
76 82 4 4
78 21 2 4
78 25 2 4
10 59 8 2
51 52 7 2
27 60 7 2
35 80 7 2
58 115 6 2
51 116 6 2
64 116 5 2
69 46 4 2
